1933	0
1934	0
1935	0
1936	0
1937	0
1938	0
1939	0
1940	1
1941	1
1942	0
1943	1
1944	0
1945	1
1946	0
1947	1
1948	0
1949	1
1950	0
1951	1
1952	1
1953	1
1954	1
1955	0
1956	1
1958	0
1960	1
1962	0
1963	1
1964	0
1965	1
1966	1
1967	0
1968	1
1969	0
1971	0
1972	0
1973	0
1974	0
1975	0
1976	0
1977	1
1978	1
1979	1
1980	1
1981	1
1982	1
1983	1
1984	1
1985	0
1987	1
1990	1
1991	1
1994	1
1995	1
1996	0
2000	0
2002	1
2097	1
2098	0
2099	1
2100	0
2101	1
2102	0
2103	0
2104	0
2105	1
2106	0
2107	1
2108	1
2109	1
2110	0
2111	0
2112	1
2113	0
2114	1
2117	1
2118	1
2124	1
2125	1
2126	0
2127	1
3667	1
3668	1
3669	1
3670	1
3671	1
3672	1
3796	0
3797	0
3798	1
3799	1
3800	0
3801	1
3802	1
3803	1
3804	0
3805	0
3806	1
3807	1
3808	1
3809	0
3810	1
3863	0
3864	0
3865	1
3866	0
3867	1
3868	0
3869	1
3870	0
3871	1
3872	0
3873	1
3874	1
3875	1
3877	1
