1	10	GATE_DUNGEON_DH_OUT	0	SN_ZONE_25022	27027	1814	452	1834	150	0	0	1
1	11	GATE_DUNGEON_DH_IN	0	SN_ZONE_25022	-32767	1011	0	-862	90	0	0	1
1	55	GATE_JINSI_OUT	0	SN_ZONE_23001	26284	960	111	1662	50	0	0	1
1	56	GATE_JINSI_IN	0	SN_ZONE_26001	-32761	-1	-11	-3200	70	0	0	1
1	57	GATE_JINSI_01x01_12	0	SN_ZONE_23001	-32761	2	223	6495	70	0	0	1
1	58	GATE_JINSI_02x01_03	0	SN_ZONE_26002	-32762	-8259	0	5592	70	0	0	1
1	62	GATE_JINSI_02x02_09	0	SN_ZONE_26002	-32762	-10468	0	5596	70	0	0	1
1	60	GATE_JINSI_02x02_03	0	SN_ZONE_26002	-32762	-1628	0	5596	70	0	0	1
1	69	GATE_JINSI_02x03_09	0	SN_ZONE_26002	-32762	-3858	0	5592	70	0	0	1
1	65	GATE_JINSI_02x03_03-1	0	SN_ZONE_26002	-32762	4610	0	5596	70	0	0	1
1	71	GATE_JINSI_02x04_03	0	SN_ZONE_26002	-32762	10497	0	5596	70	0	0	1
1	77	GATE_JINSI_02x05_09	0	SN_ZONE_26002	-32762	7827	0	5596	70	0	0	1
1	64	GATE_JINSI_02x02_12-2	0	SN_ZONE_26002	-32762	12124	0	7228	70	0	0	1
1	76	GATE_JINSI_02x05_06	0	SN_ZONE_26002	-32762	12124	0	1633	70	0	0	1
1	82	GATE_JINSI_02x06_12	0	SN_ZONE_26002	-32762	12124	0	4030	70	0	0	1
1	81	GATE_JINSI_02x06_09	0	SN_ZONE_26002	-32762	7809	0	-21	70	0	0	1
1	83	GATE_JINSI_02x07_03	0	SN_ZONE_26002	-32762	10496	0	-21	70	0	0	1
1	84	GATE_JINSI_02x07_09	0	SN_ZONE_26002	-32762	2197	0	-27	70	0	0	1
1	86	GATE_JINSI_02x08_03	0	SN_ZONE_26002	-32762	4580	0	-21	70	0	0	1
1	66	GATE_JINSI_02x03_03-2	0	SN_ZONE_26002	-32762	4580	0	-21	70	0	0	1
1	85	GATE_JINSI_02x07_12	0	SN_ZONE_26002	-32762	6208	0	4035	70	0	0	1
1	72	GATE_JINSI_02x04_06	0	SN_ZONE_26002	-32762	6208	0	4035	70	0	0	1
1	67	GATE_JINSI_02x03_06-1	0	SN_ZONE_26002	-32762	6208	0	4035	70	0	0	1
1	68	GATE_JINSI_02x03_06-2	0	SN_ZONE_26002	-32762	-5	0	2173	70	0	0	1
1	89	GATE_JINSI_02x08_12	0	SN_ZONE_26002	-32762	-5	0	2173	70	0	0	1
1	88	GATE_JINSI_02x08_09	0	SN_ZONE_26002	-32762	-4458	0	-21	70	0	0	1
1	90	GATE_JINSI_02x09_03	0	SN_ZONE_26002	-32762	-2203	0	-27	70	0	0	1
1	92	GATE_JINSI_02x09_09	0	SN_ZONE_26002	-32762	-10470	0	-21	70	0	0	1
1	94	GATE_JINSI_02x10_03	0	SN_ZONE_26002	-32762	-7704	0	-21	70	0	0	1
1	61	GATE_JINSI_02x02_06	0	SN_ZONE_26002	-32762	-6068	0	1640	70	0	0	1
1	93	GATE_JINSI_02x09_12	0	SN_ZONE_26002	-32762	-6068	0	1640	70	0	0	1
1	74	GATE_JINSI_02x04_12	0	SN_ZONE_26002	-32762	-3	0	7197	70	0	0	1
1	70	GATE_JINSI_02x03_12	0	SN_ZONE_26002	-32762	-3	0	7197	70	0	0	1
1	73	GATE_JINSI_02x04_09	0	SN_ZONE_26002	-32762	4610	0	5596	70	0	0	1
1	75	GATE_JINSI_02x05_03	0	SN_ZONE_26002	-32762	13727	0	5596	70	0	0	1
1	79	GATE_JINSI_02x06_03	0	SN_ZONE_26002	-32762	13730	0	-21	70	0	0	1
1	95	GATE_JINSI_02x10_06	0	SN_ZONE_26002	-32762	-12072	0	-3616	70	0	0	1
1	96	GATE_JINSI_02x10_09	0	SN_ZONE_26002	-32762	-13804	0	-27	70	0	0	1
1	100	GATE_JINSI_02x11_12	0	SN_ZONE_26002	-32762	-12072	0	-1587	70	0	0	1
1	99	GATE_JINSI_02x11_09	0	SN_ZONE_26002	-32762	-14275	0	-5824	70	0	0	1
1	97	GATE_JINSI_02x11_03	0	SN_ZONE_26002	-32762	-7684	0	-5813	70	0	0	1
1	102	GATE_JINSI_02x12_09	0	SN_ZONE_26002	-32762	-9871	0	-5818	70	0	0	1
1	98	GATE_JINSI_02x11_06	0	SN_ZONE_26002	-32762	-12073	0	-8021	70	0	0	1
1	108	GATE_JINSI_02x13_06-2	0	SN_ZONE_26002	-32762	-12073	0	-8021	70	0	0	1
1	101	GATE_JINSI_02x12_03	0	SN_ZONE_26002	-32762	-1593	0	-5819	70	0	0	1
1	109	GATE_JINSI_02x13_09-1	0	SN_ZONE_26002	-32762	-4458	0	-5813	70	0	0	1
1	104	GATE_JINSI_02x12_12-2	0	SN_ZONE_26002	-32762	-5	0	-2223	70	0	0	1
1	87	GATE_JINSI_02x08_06	0	SN_ZONE_26002	-32762	-5	0	-2223	70	0	0	1
1	111	GATE_JINSI_02x13_12-1	0	SN_ZONE_26002	-32762	-6068	0	-1593	70	0	0	1
1	91	GATE_JINSI_02x09_06	0	SN_ZONE_26002	-32762	-6068	0	-1593	70	0	0	1
1	112	GATE_JINSI_02x13_12-2	0	SN_ZONE_26002	-32762	12124	0	-1587	70	0	0	1
1	80	GATE_JINSI_02x06_06	0	SN_ZONE_26002	-32762	12124	0	-1587	70	0	0	1
1	106	GATE_JINSI_02x13_03-2	0	SN_ZONE_26002	-32762	4581	0	-5814	70	0	0	1
1	114	GATE_JINSI_02x14_09	0	SN_ZONE_26002	-32762	1569	0	-5818	70	0	0	1
1	105	GATE_JINSI_02x13_03-1	0	SN_ZONE_26002	-32762	4610	0	5596	70	0	0	1
1	110	GATE_JINSI_02x13_09-2	0	SN_ZONE_26002	-32762	-3858	0	5592	70	0	0	1
1	113	GATE_JINSI_02x14_03	0	SN_ZONE_26002	-32762	9924	0	-5821	70	0	0	1
1	116	GATE_JINSI_02x15_09	0	SN_ZONE_26002	-32762	7809	0	-5814	70	0	0	1
1	115	GATE_JINSI_02x15_03	0	SN_ZONE_26002	-32762	16479	0	-5815	70	0	0	1
1	118	GATE_JINSI_02x16_09	0	SN_ZONE_26002	-32762	14325	0	-5818	70	0	0	1
1	117	GATE_JINSI_02x16_03	0	SN_ZONE_26002	-32763	352	72	78	70	0	0	1
1	119	GATE_JINSI_02x20_09	0	SN_ZONE_26002	-32762	16480	0	5596	70	0	0	1
1	120	GATE_JINSI_02x30_03	0	SN_ZONE_26002	-32762	16480	0	5596	70	0	0	1
1	123	GATE_JINSI_02x40_09	0	SN_ZONE_26002	-32762	16480	0	5596	70	0	0	1
1	124	GATE_JINSI_02x50_03	0	SN_ZONE_26002	-32762	16480	0	5596	70	0	0	1
1	126	GATE_JINSI_03x01	0	SN_ZONE_26003	-32762	19707	0	-5814	70	0	0	1
1	127	GATE_JINSI_03x02	0	SN_ZONE_26004	-32764	18267	-98	14340	70	0	0	1
1	128	GATE_JINSI_03x03	0	SN_ZONE_26004	-32764	15463	-126	-19780	70	0	0	1
1	129	GATE_JINSI_03x04	0	SN_ZONE_26004	-32764	-17850	-126	-14329	70	0	0	1
1	130	GATE_JINSI_03x05	0	SN_ZONE_26004	-32764	-15043	-98	19789	70	0	0	1
1	131	GATE_JINSI_04x01-bldg	23280	SN_ZONE_26004	-32764	0	0	0	0	0	0	1
1	132	GATE_JINSI_04x02	0	SN_ZONE_26003	-32763	19140	549	15784	70	0	0	1
1	133	GATE_JINSI_04x03	0	SN_ZONE_26003	-32763	15855	549	-18952	70	0	0	1
1	134	GATE_JINSI_04x04	0	SN_ZONE_26003	-32763	-19110	584	-16170	70	0	0	1
1	135	GATE_JINSI_04x05	0	SN_ZONE_26003	-32763	-15711	549	19794	70	0	0	1