2023,49151,25257
2030,49332,25257
2034,32767,25001
2015,49332,25001
2016,49332,25001
2040,16383,25001
2031,49332,25000
2032,49332,25000
2003,0,25000
2004,0,25000
2013,16565,25000
2014,16565,25000
2009,0,25000
2028,32949,25000
2029,32949,25000
2008,32949,25000
2005,32949,25000
2042,0,24999
2045,32949,24999
2044,0,24999
2043,29308,24999
2036,0,24999
2022,49151,25255
2056,16019,25761
2068,0,26521
2069,0,26265
2070,16565,26265
2066,32949,26521
2093,0,23686
2092,0,23686
2090,16201,23431
2091,16019,23431
2079,24757,23432
2088,32767,23688
2089,32767,23688
2084,0,24200
2072,55704,23687
2074,59527,23687
2073,10376,23687
2077,39321,23687
2083,16565,23687
2011,48969,24993
2119,54612,24734
2120,16383,25244
2020,49332,25255
2035,0,25255
2046,32949,24999
2039,16565,24999
2018,0,25001
2059,16565,26265
2065,16565,26265
2064,16565,26265
2076,56432,23431
2078,39321,23687
2075,8191,23431
2087,49332,23943
2086,49151,23943
2067,32949,26265
2010,32767,25000
2027,32767,25000
2062,57525,26521
2055,16565,26265
2054,0,26265
2053,0,26265
2063,16565,26265
2058,32949,26265
2057,32949,26265
2052,32949,26265
2051,32949,26265
2017,61166,25253
2038,16201,25000
2037,16019,25000
2061,32403,26521
2085,8373,23688
2060,16201,26521
2071,0,26521
2033,32585,25001
2019,49151,25255
2021,49332,25255
3826,32949,23436
3827,32949,23180
3824,0,23439
3825,0,23183
2041,16383,24999
5901,56797,24185
5906,32767,23925
5903,47330,23411
5908,13653,23155
5902,56432,22137
5910,24211,24438
5911,18204,22134
9252,49332,25000
9251,32767,25000
7524,32403,25163
7505,24757,27728
7510,16565,27728
7548,0,26237
7549,4915,25469
7528,16383,25945
7527,16565,26457
7546,32949,26232
7545,32949,27000
7539,32949,27500
7540,32949,27500
7542,16565,27244
7541,16565,27243
7543,0,27499
7544,0,27499
7530,61894,27499
7531,52063,27499
7532,3822,27243
7533,10922,27243
7537,32767,27244
7535,16201,27244
7536,16565,27244
7538,32767,27500
7534,49151,27500
7518,49332,27471
7517,49332,27471
7519,0,26957
7515,57525,26959
7516,57525,26959
7507,32949,27216
7522,57525,26704
7521,57525,26704
7502,32949,26960
7525,32949,26704
7511,57525,27214
7513,49332,26702
7512,0,26702
7514,60254,26702
7509,16565,26958
7504,11104,27214
7547,15473,25975
9273,16383,26265
9274,48969,24199
10122,32949,27500
7567,54430,23411
7495,49332,26959
7508,32949,26959
7523,8191,26446
7496,0,26958
7499,63714,26958
7498,16565,26959
7503,32949,26959
7520,0,26957
7497,32949,26959
19072,16565,26957
7526,24575,27471
19519,21845,26959
7501,16565,26959
7500,16383,26959
3861,24757,26959
3861,16383,25000
3861,0,23687
3861,0,26265
19520,32949,25256
23258,16565,25001
9251,16565,26959
9252,0,26959
9252,32767,23687
9251,16565,27244
9252,32949,27244
9251,16565,26265
9252,32949,26265
9251,39321,23687
22456,0,24199
26790,32767,25000
26790,0,23687
26791,0,23687
26742,49515,23856
26740,0,24112
26759,43690,23345
26743,0,23600
26744,0,23344
26739,0,23344
26737,32585,23344
26756,59162,23343
26734,8191,23087
26758,8009,22831
26735,23665,23088
26767,23483,23088
26745,43690,23345
26762,27124,23347
26761,31129,23347
26747,59162,23343
26746,59162,23343
26749,38228,23603
26750,38410,23603
26771,32767,23344
26763,19842,23603
26751,21845,22833
26748,21845,22833
26738,23483,23089
26766,56432,23602
26768,52428,23602
26752,364,24112
26753,33131,24112
26752,364,24111
26753,33131,24111
26753,33131,23857
26772,18750,23346
26764,0,23346
26741,21845,23089
26790,51153,26265
26790,32585,26959
26790,0,27500
